9.014042495965575199e+02 7.669448628294780974e+02
1.006184085145623840e+03 7.098865365403826218e+02
1.102664527779912760e+03 6.559404825943286141e+02
1.199144970414201453e+03 6.040692768769690701e+02
1.284213747790671277e+03 5.615348881887341577e+02
1.367207676938446639e+03 5.138133789287634272e+02
1.440864789057097141e+03 4.733538384692229783e+02
9.159281871974183105e+02 6.746141166525781045e+02
1.026932567432567794e+03 6.206680627065240969e+02
1.131712402981634114e+03 5.698342811035117847e+02
1.232342542073311733e+03 5.190004995004993589e+02
1.320523591792823026e+03 4.754286866979173283e+02
1.403517520940598160e+03 4.360065703527239975e+02
1.482361753630984822e+03 3.945096057788364305e+02
8.318968339352957173e+02 5.812459463613308799e+02
9.470509106278339004e+02 5.324870129870128039e+02
1.043531353262122821e+03 4.868403519557364234e+02
1.149348612925536372e+03 4.401562668101128111e+02
1.234417390302005970e+03 4.007341504649194803e+02
1.318448743564128563e+03 3.623494582340734951e+02
1.394180703911473529e+03 3.260396142319217461e+02
7.540900253592562876e+02 4.951397448705139368e+02
8.692441020517944708e+02 4.505305079535846744e+02
9.615748482286946910e+02 4.121458157227386891e+02
1.064279835549066547e+03 3.685740029201565449e+02
1.152460885268577840e+03 3.301893106893105596e+02
1.233379966187658738e+03 2.969917390302003923e+02
1.311186774763698168e+03 2.679438638284790386e+02
6.845826096979944850e+02 4.162955121801273890e+02
7.976618381618384319e+02 3.727236993775453584e+02
8.848054637670024931e+02 3.384887036040880730e+02
9.906227234304160447e+02 3.021788596019363240e+02
1.079841197264274570e+03 2.679438638284790386e+02
1.156610581725966767e+03 2.368211403980633349e+02
1.231305117958964502e+03 2.056984169676475176e+02
